{
    "closestFood": 58.65969708035365, 
    "myFoodLeft": 552.7312603918875, 
    "isPacman": -34.07587680877446, 
    "foodLeft": -642.6470649151356, 
    "getHomeDist": -251.6365625304318, 
    "bias": -30.405130848826087, 
    "invaderDist": -22.353571619100983, 
    "carry": -81.16024758321225, 
    "isGhost": 3.6707459599482766, 
    "ghostDist": 0.6005487969022737
}